1,1,1,1,2023-01-10
2,2,2,2,2023-01-12
3,3,3,1,2023-01-15
4,4,4,1,2023-02-01
5,5,5,2,2023-02-03
6,6,6,1,2023-02-10
7,7,7,3,2023-02-12
8,8,8,1,2023-03-01
9,9,9,2,2023-03-02
10,10,10,1,2023-03-03
11,1,2,1,2023-03-05
12,2,3,2,2023-03-06
13,3,4,1,2023-03-07
14,4,5,1,2023-03-08
15,5,6,1,2023-03-09
16,6,7,2,2023-03-10
17,7,8,1,2023-03-11
18,8,9,3,2023-03-12
19,9,10,1,2023-03-13
20,10,1,1,2023-03-14
21,1,3,1,2023-04-02
22,2,4,2,2023-04-04
23,3,5,1,2023-04-05
24,4,6,1,2023-04-06
25,5,7,2,2023-04-07
26,6,8,1,2023-04-08
27,7,9,2,2023-04-09
28,8,10,1,2023-04-10
29,9,1,1,2023-04-11
30,10,2,1,2023-04-12
31,1,5,1,2023-05-01
32,2,6,1,2023-05-02
33,3,7,3,2023-05-03
34,4,8,1,2023-05-04
35,5,9,2,2023-05-05
36,6,10,1,2023-05-06
37,7,1,1,2023-05-07
38,8,2,1,2023-05-08
39,9,3,2,2023-05-09
40,10,4,1,2023-05-10
41,1,7,2,2023-06-01
42,2,8,1,2023-06-03
43,3,9,2,2023-06-04
44,4,10,1,2023-06-05
45,5,2,1,2023-06-06
46,6,3,2,2023-06-07
47,7,4,1,2023-06-08
48,8,5,1,2023-06-09
49,9,6,1,2023-06-10
50,10,7,2,2023-06-11
51,1,8,1,2024-01-15
52,2,9,3,2024-01-17
53,3,10,1,2024-01-18
54,4,1,1,2024-02-01
55,5,2,2,2024-02-03
56,6,3,1,2024-02-05
57,7,4,1,2024-02-10
58,8,5,2,2024-02-12
59,9,6,1,2024-02-14
60,10,7,3,2024-02-15
61,1,1,1,2024-03-01
62,2,2,1,2024-03-02
63,3,3,2,2024-03-03
64,4,4,1,2024-03-04
65,5,5,1,2024-03-05
66,6,6,1,2024-03-06
67,7,7,1,2024-03-07
68,8,8,1,2024-03-08
69,9,9,2,2024-03-09
70,10,10,1,2024-03-10
71,1,4,1,2024-04-02
72,2,5,2,2024-04-03
73,3,6,1,2024-04-04
74,4,7,2,2024-04-05
75,5,8,1,2024-04-06
76,6,9,1,2024-04-07
77,7,10,1,2024-04-08
78,8,1,1,2024-04-09
79,9,2,1,2024-04-10
80,10,3,2,2024-04-11
